783054660368
783054660375
783054660382
783054660399
783054660405
783054660412
783054660429
783054660436
783054660443
783054660450
783054660467
783054660474
783054660481
783054660498
783054660504
783054660511
783054660528
783054660535
783054660542
783054660559
783054660566
783054660573
783054660580
783054660597
783054660603
783054660610
783054660627
783054660634
783054660641
783054660658
783054660665
783054660672
783054660689
783054660696
783054660702
783054660719
783054660726
783054660733
783054660740
783054660757
783054660764
783054660771
783054660788
783054660795
783054660801
783054660818
783054660825
783054660832
783054660849
783054660856
783054660863
783054660870
783054660887
783054660894
783054660900
783054660917
783054660924
783054660931
783054660948
783054660955
783054660962
783054660979
783054660986
783054660993
783054661006
783054661013
783054661020
783054661037
783054661044
783054661051
783054661068
783054661075
783054661082
783054661099
783054661105
783054661112
783054661129
783054661136
783054661143
783054661150
783054661167
783054661174
783054661181
783054661198
783054661204
783054661211
783054661228
783054661235
783054661242
783054661259
783054661266
783054661273
783054661280
783054661297
783054661303
783054661310
783054661327
783054661334
783054661341
783054661358
783054661365
783054661372
783054661389
783054661396
783054661402
783054661419
783054661426
783054661433
783054661440
783054661457
783054661464
783054661471
783054661488
783054661495
783054661501
783054661518
783054661525
783054661532
783054661549
783054661556
783054661563
783054661570
783054661587
783054661594
783054661600
783054661617
783054661624
783054661631
783054661648
783054661655
783054661662
783054661679
783054661686
783054661693
783054661709
783054661716
783054661723
783054661730
783054661747
783054661754
783054661761
783054661778
783054661785
783054661792
783054661808
783054661815
783054661822
783054661839
783054661846
783054661853
783054661860
783054661877
783054661884
783054661891
783054661907
783054661914
783054661921
783054661938
783054661945
783054661952
783054661969
783054661976
783054661983
783054661990
783054662003
783054662010
783054662027
783054662034
783054662041
783054662058
783054662065
783054662072
783054662089
783054662096
783054662102
783054662119
783054662126
783054662133
783054662140
783054662157
783054662164
783054662171
783054662188
783054662195
783054662201
783054662218
783054662225
783054662232
783054662249
783054662256
783054662263
783054662270
783054662287
783054662294
783054662300
783054662317
783054662324
783054662331
783054662348
783054662355
783054662362
783054662379
783054662386
783054662393
783054662409
783054662416
783054662423
783054662430
783054662447
783054662454
783054662461
783054662478
783054662485
783054662492
783054662508
783054662515
783054662522
783054662539
783054662546
783054662553
783054662560
783054662577
783054662584
783054662591
783054662607
783054662614
783054662621
783054662638
783054662645
783054662652
783054662669
783054662676
783054662683
783054662690
783054662706
783054662713
783054662720
783054662737
783054662744
783054662751
783054662768
783054662775
783054662782
783054662799
783054662805
783054662812
783054662829
783054662836
783054662843
783054662850
783054662867
783054662874
783054662881
783054662898
783054662904
783054662911
783054662928
783054662935
783054662942
783054662959
783054662966
783054662973
783054662980
783054662997
783054663000
783054663017
783054663024
783054663031
783054663048
783054663055
783054663062
783054663079
783054663086
783054663093
783054663109
783054663116
783054663123
783054663130
783054663147
783054663154
783054663161
783054663178
783054663185
783054663192
783054663208
783054663215
783054663222
783054663239
783054663246
783054663253
783054663260
783054663277
783054663284
783054663291
783054663307
783054663314
783054663321
783054663338
783054663345
783054663352
783054663369
783054663376
783054663383
783054663390
783054663406
783054663413
783054663420
783054663437
783054663444
783054663451
783054663468
783054663475
783054663482
783054663499
783054663505
783054663512
783054663529
783054663536
783054663543
783054663550
783054663567
783054663574
783054663581
783054663598
783054663604
783054663611
783054663628
783054663635
783054663642
783054663659
783054663666
783054663673
783054663680
783054663697
783054663703
783054663710
783054663727
783054663734
783054663741
783054663758
783054663765
783054663772
783054663789
783054663796
783054663802
783054663819
783054663826
783054663833
783054663840
783054663857
783054663864
783054663871
783054663888
783054663895
783054663901
783054663918
783054663925
783054663932
783054663949
783054663956
783054663963
783054663970
783054663987
783054663994
783054664007
783054664014
783054664021
783054664038
783054664045
783054664052
783054664069
783054664076
783054664083
783054664090
783054664106
783054664113
783054664120
783054664137
783054664144
783054664151
783054664168
783054664175
783054664182
783054664199
783054664205
783054664212
783054664229
783054664236
783054664243
783054664250
783054664267
783054664274
783054664281
783054664298
783054664304
783054664311
783054664328
783054664335
783054664342
783054664359
783054664366
783054664373
783054664380
783054664397
783054664403
783054664410
783054664427
783054664434
783054664441
783054664458
783054664465
783054664472
783054664489
783054664496
783054664502
783054664519
783054664526
783054664533
783054664540
783054664557
783054664564
783054664571
783054664588
783054664595
783054664601
783054664618
783054664625
783054664632
783054664649
783054664656
783054664663
783054664670
783054664687
783054664694
783054664700
783054664717
783054664724
783054664731
783054664748
783054664755
783054664762
783054664779
783054664786
783054664793
783054664809
783054664816
783054664823
783054664830
783054664847
783054664854
783054664861
783054664878
783054664885
783054664892
783054664908
783054664915
783054664922
783054664939
783054664946
783054664953
783054664960
783054664977
783054664984
783054664991
783054665004
783054665011
783054665028
783054665035
783054665042
783054665059
783054665066
783054665073
783054665080
783054665097
783054665103
783054665110
783054665127
783054665134
783054665141
783054665158
783054665165
783054665172
783054665189
783054665196
783054665202
783054665219
783054665226
783054665233
783054665240
783054665257
783054665264
783054665271
783054665288
783054665295
783054665301
783054665318
783054665325
783054665332
783054665349
783054665356
783054665363
783054665370
783054665387
783054665394
783054665400
783054665417
783054665424
783054665431
783054665448
783054665455
783054665462
783054665479
783054665486
783054665493
783054665509
783054665516
783054665523
783054665530
783054665547
783054665554
783054665561
783054665578
783054665585
783054665592
783054665608
783054665615
783054665622
783054665639
783054665646
783054665653
783054665660
783054665677
783054665684
783054665691
783054665707
783054665714
783054665721
783054665738
783054665745
783054665752
783054665769
783054665776
783054665783
783054665790
783054665806
783054665813
783054665820
783054665837
783054665844
783054665851
783054665868
783054665875
783054665882
783054665899
783054665905
783054665912
783054665929
783054665936
783054665943
783054665950
783054665967
783054665974
783054665981
783054665998
783054666001
783054666018
783054666025
783054666032
783054666049
783054666056
783054666063
783054666070
783054666087
783054666094
783054666100
783054666117
783054666124
783054666131
783054666148
783054666155
783054666162
783054666179
783054666186
783054666193
783054666209
783054666216
783054666223
783054666230
783054666247
783054666254
783054666261
783054666278
783054666285
783054666292
783054666308
783054666315
783054666322
783054666339
783054666346
783054666353
783054666360
783054666377
783054666384
783054666391
783054666407
783054666414
783054666421
783054666438
783054666445
783054666452
783054666469
783054666476
783054666483
783054666490
783054666506
783054666513
783054666520
783054666537
783054666544
783054666551
783054666568
783054666575
783054666582
783054666599
783054666605
783054666612
783054666629
783054666636
783054666643
783054666650
783054666667
783054666674
783054666681
783054666698
783054666704
783054666711
783054666728
783054666735
783054666742
783054666759
783054666766
783054666773
783054666780
783054666797
783054666803
783054666810
783054666827
783054666834
783054666841
783054666858
783054666865
783054666872
783054666889
783054666896
783054666902
783054666919
783054666926
783054666933
783054666940
783054666957
783054666964
783054666971
783054666988
783054666995
783054667008
783054667015
783054667022
783054667039
783054667046
783054667053
783054667060
783054667077
783054667084
783054667091
783054667107
783054667114
783054667121
783054667138
783054667145
783054667152
783054667169
783054667176
783054667183
783054667190
783054667206
783054667213
783054667220
783054667237
783054667244
783054667251
783054667268
783054667275
783054667282
783054667299
783054667305
783054667312
783054667329
783054667336
783054667343
783054667350
783054667367
783054667374
783054667381
783054667398
783054667404
783054667411
783054667428
783054667435
783054667442
783054667459
783054667466
783054667473
783054667480
783054667497
783054667503
783054667510
783054667527
783054667534
783054667541
783054667558
783054667565
783054667572
783054667589
783054667596
783054667602
783054667619
783054667626
783054667633
783054667640
783054667657
783054667664
783054667671
783054667688
783054667695
783054667701
783054667718
783054667725
783054667732
783054667749
783054667756
783054667763
783054667770
783054667787
783054667794
783054667800
783054667817
783054667824
783054667831
783054667848
783054667855
783054667862
783054667879
783054667886
783054667893
783054667909
783054667916
783054667923
783054667930
783054667947
783054667954
783054667961
783054667978
783054667985
783054667992
783054668005
783054668012
783054668029
783054668036
783054668043
783054668050
783054668067
783054668074
783054668081
783054668098
783054668104
783054668111
783054668128
783054668135
783054668142
783054668159
783054668166
783054668173
783054668180
783054668197
783054668203
783054668210
783054668227
783054668234
783054668241
783054668258
783054668265
783054668272
783054668289
783054668296
783054668302
783054668319
783054668326
783054668333
783054668340
783054668357
783054668364
783054668371
783054668388
783054668395
783054668401
783054668418
783054668425
783054668432
783054668449
783054668456
783054668463
783054668470
783054668487
783054668494
783054668500
783054668517
783054668524
783054668531
783054668548
783054668555
783054668562
783054668579
783054668586
783054668593
783054668609
783054668616
783054668623
783054668630
783054668647
783054668654
783054668661
783054668678
783054668685
783054668692
783054668708
783054668715
783054668722
783054668739
783054668746
783054668753
783054668760
783054668777
783054668784
783054668791
783054668807
783054668814
783054668821
783054668838
783054668845
783054668852
783054668869
783054668876
783054668883
783054668890
783054668906
783054668913
783054668920
783054668937
783054668944
783054668951
783054668968
783054668975
783054668982
783054668999
783054669002
783054669019
783054669026
783054669033
783054669040
783054669057
783054669064
783054669071
783054669088
783054669095
783054669101
783054669118
783054669125
783054669132
783054669149
783054669156
783054669163
783054669170
783054669187
783054669194
783054669200
783054669217
783054669224
783054669231
783054669248
783054669255
783054669262
783054669279
783054669286
783054669293
783054669309
783054669316
783054669323
783054669330
783054669347
783054669354
783054669361
783054669378
783054669385
783054669392
783054669408
783054669415
783054669422
783054669439
783054669446
783054669453
783054669460
783054669477
783054669484
783054669491
783054669507
783054669514
783054669521
783054669538
783054669545
783054669552
783054669569
783054669576
783054669583
783054669590
783054669606
783054669613
783054669620
783054669637
783054669644
783054669651
783054669668
783054669675
783054669682
783054669699
783054669705
783054669712
783054669729
783054669736
783054669743
783054669750
783054669767
783054669774
783054669781
783054669798
783054669804
783054669811
783054669828
783054669835
783054669842
783054669859
783054669866
783054669873
783054669880
783054669897
783054669903
783054669910
783054669927
783054669934
783054669941
783054669958
783054669965
783054669972
783054669989
783054669996
783054670008
783054670015
783054670022
783054670039
783054670046
783054670053
783054670060
783054670077
783054670084
783054670091
783054670107
783054670114
783054670121
783054670138
783054670145
783054670152
783054670169
783054670176
783054670183
783054670190
783054670206
783054670213
783054670220
783054670237
783054670244
783054670251
783054670268
783054670275
783054670282
783054670299
783054670305
783054670312
783054670329
783054670336
783054670343
783054670350
783054670367
783054670374
783054670381
783054670398
783054670404
783054670411
783054670428
783054670435
783054670442
783054670459
783054670466
783054670473
783054670480
783054670497
783054670503
783054670510
783054670527
783054670534
783054670541
783054670558
783054670565
783054670572
783054670589
783054670596
783054670602
783054670619
783054670626
783054670633
783054670640
783054670657
783054670664
783054670671
783054670688
783054670695
783054670701
783054670718
783054670725
783054670732
783054670749
783054670756
783054670763
783054670770
783054670787
783054670794
783054670800
783054670817
783054670824
783054670831
783054670848
783054670855
783054670862
783054670879
783054670886
783054670893
783054670909
783054670916
783054670923
783054670930
783054670947
783054670954
783054670961
783054670978
783054670985
783054670992
783054671005
783054671012
783054671029
783054671036
783054671043
783054671050
783054671067
783054671074
783054671081
783054671098
783054671104
783054671111
783054671128
783054671135
783054671142
783054671159
783054671166
783054671173
783054671180
783054671197
783054671203
783054671210
783054671227
783054671234
783054671241
783054671258
783054671265
783054671272
783054671289
783054671296
783054671302
783054671319
783054671326
783054671333
783054671340
783054671357
783054671364
783054671371
783054671388
783054671395
783054671401
783054671418
783054671425
783054671432
783054671449
783054671456
783054671463
783054671470
783054671487
783054671494
783054671500
783054671517
783054671524
783054671531
783054671548
783054671555
783054671562
783054671579
783054671586
783054671593
783054671609
783054671616
783054671623
783054671630
783054671647
783054671654
783054671661
783054671678
783054671685
783054671692
783054671708
783054671715
783054671722
783054671739
783054671746
783054671753
783054671760
783054671777
783054671784
783054671791
783054671807
783054671814
783054671821
783054671838
783054671845
783054671852
783054671869
783054671876
783054671883
783054671890
783054671906
783054671913
783054671920
783054671937
783054671944
783054671951
783054671968
783054671975
783054671982
783054671999
783054672002
783054672019
783054672026
783054672033
783054672040
783054672057
783054672064
783054672071
783054672088
783054672095
783054672101
783054672118
783054672125
783054672132
783054672149
783054672156
783054672163
783054672170
783054672187
783054672194
783054672200
783054672217
783054672224
783054672231
783054672248
783054672255
783054672262
783054672279
783054672286
783054672293
783054672309
783054672316
783054672323
783054672330
783054672347
783054672354
783054672361
783054672378
783054672385
783054672392
783054672408
783054672415
783054672422
783054672439
783054672446
783054672453
783054672460
783054672477
783054672484
783054672491
783054672507
783054672514
783054672521
783054672538
783054672545
783054672552
783054672569
783054672576
783054672583
783054672590
783054672606
783054672613
783054672620
783054672637
783054672644
783054672651
783054672668
783054672675
783054672682
783054672699
783054672705
783054672712
783054672729
783054672736
783054672743
783054672750
783054672767
783054672774
783054672781
783054672798
783054672804
783054672811
783054672828
783054672835
783054672842
783054672859
783054672866
783054672873
783054672880
783054672897
783054672903
783054672910
783054672927
783054672934
783054672941
783054672958
783054672965
783054672972
783054672989
783054672996
783054673009
783054673016
783054673023
783054673030
783054673047
783054673054
783054673061
783054673078
783054673085
783054673092
783054673108
783054673115
783054673122
783054673139
783054673146
783054673153
783054673160
783054673177
783054673184
783054673191
783054673207
783054673214
783054673221
783054673238
783054673245
783054673252
783054673269
783054673276
783054673283
783054673290
783054673306
783054673313
783054673320
783054673337
783054673344
783054673351
783054673368
783054673375
783054673382
783054673399
783054673405
783054673412
783054673429
783054673436
783054673443
783054673450
783054673467
783054673474
783054673481
783054673498
783054673504
783054673511
783054673528
783054673535
783054673542
783054673559
783054673566
783054673573
783054673580
783054673597
783054673603
783054673610
783054673627
783054673634
783054673641
783054673658
783054673665
783054673672
783054673689
783054673696
783054673702
783054673719
783054673726
783054673733
783054673740
783054673757
783054673764
783054673771
783054673788
783054673795
783054673801
783054673818
783054673825
783054673832
783054673849
783054673856
783054673863
783054673870
783054673887
783054673894
783054673900
783054673917
783054673924
783054673931
783054673948
783054673955
783054673962
783054673979
783054673986
783054673993
783054674006
783054674013
783054674020
783054674037
783054674044
783054674051
783054674068
783054674075
783054674082
783054674099
783054674105
783054674112
783054674129
783054674136
783054674143
783054674150
783054674167
783054674174
783054674181
783054674198
783054674204
783054674211
783054674228
783054674235
783054674242
783054674259
783054674266
783054674273
783054674280
783054674297
783054674303
783054674310
783054674327
783054674334
783054674341
783054674358
783054674365
783054674372
783054674389
783054674396
783054674402
783054674419
783054674426
783054674433
783054674440
783054674457
783054674464
783054674471
783054674488
783054674495
783054674501
783054674518
783054674525
783054674532
783054674549
783054674556
783054674563
783054674570
783054674587
783054674594
783054674600
783054674617
783054674624
783054674631
783054674648
783054674655
783054674662
783054674679
783054674686
783054674693
783054674709
783054674716
783054674723
783054674730
783054674747
783054674754
783054674761
783054674778
783054674785
783054674792
783054674808
783054674815
783054674822
783054674839
783054674846
783054674853
783054674860
783054674877
783054674884
783054674891
783054674907
783054674914
783054674921
783054674938
783054674945
783054674952
783054674969
783054674976
783054674983
783054674990
783054675003
783054675010
783054675027
783054675034
783054675041
783054675058
783054675065
783054675072
783054675089
783054675096
783054675102
783054675119
783054675126
783054675133
783054675140
783054675157
783054675164
783054675171
783054675188
783054675195
783054675201
783054675218
783054675225
783054675232
783054675249
783054675256
783054675263
783054675270
783054675287
783054675294
783054675300
783054675317
783054675324
783054675331
783054675348
783054675355
783054675362
783054675379
783054675386
783054675393
783054675409
783054675416
783054675423
783054675430
783054675447
783054675454
783054675461
783054675478
783054675485
783054675492
783054675508
783054675515
783054675522
783054675539
783054675546
783054675553
783054675560
783054675577
783054675584
783054675591
783054675607
783054675614
783054675621
783054675638
783054675645
783054675652
783054675669
783054675676
783054675683
783054675690
783054675706
783054675713
783054675720
783054675737
783054675744
783054675751
783054675768
783054675775
783054675782
783054675799
783054675805
783054675812
783054675829
783054675836
783054675843
783054675850
783054675867
783054675874
783054675881
783054675898
783054675904
783054675911
783054675928
783054675935
783054675942
783054675959
783054675966
783054675973
783054675980
783054675997
783054676000
783054676017
783054676024
783054676031
783054676048
783054676055
783054676062
783054676079
783054676086
783054676093
783054676109
783054676116
783054676123
783054676130
783054676147
783054676154
783054676161
783054676178
783054676185
783054676192
783054676208
783054676215
783054676222
783054676239
783054676246
783054676253
783054676260
783054676277
783054676284
783054676291
783054676307
783054676314
783054676321
783054676338
783054676345
783054676352
783054676369
783054676376
783054676383
783054676390
783054676406
783054676413
783054676420
783054676437
783054676444
783054676451
783054676468
783054676475
783054676482
783054676499
783054676505
783054676512
783054676529
783054676536
783054676543
783054676550
783054676567
783054676574
783054676581
783054676598
783054676604
783054676611
783054676628
783054676635
783054676642
783054676659
783054676666
783054676673
783054676680
783054676697
783054676703
783054676710
783054676727
783054676734
783054676741
783054676758
783054676765
783054676772
783054676789
783054676796
783054676802
783054676819
783054676826
783054676833
783054676840
783054676857
783054676864
783054676871
783054676888
783054676895
783054676901
783054676918
783054676925
783054676932
783054676949
783054676956
783054676963
783054676970
783054676987
783054676994
783054677007
783054677014
783054677021
783054677038
783054677045
783054677052
783054677069
783054677076
783054677083
783054677090
783054677106
783054677113
783054677120
783054677137
783054677144
783054677151
783054677168
783054677175
783054677182
783054677199
783054677205
783054677212
783054677229
783054677236
783054677243
783054677250
783054677267
783054677274
783054677281
783054677298
783054677304
783054677311
783054677328
783054677335
783054677342
783054677359
783054677366
783054677373
783054677380
783054677397
783054677403
783054677410
783054677427
783054677434
783054677441
783054677458
783054677465
783054677472
783054677489
783054677496
783054677502
783054677519
783054677526
783054677533
783054677540
783054677557
783054677564
783054677571
783054677588
783054677595
783054677601
783054677618
783054677625
783054677632
783054677649
783054677656
783054677663
783054677670
783054677687
783054677694
783054677700
783054677717
783054677724
783054677731
783054677748
783054677755
783054677762
783054677779
783054677786
783054677793
783054677809
783054677816
783054677823
783054677830
783054677847
783054677854
783054677861
783054677878
783054677885
783054677892
783054677908
783054677915
783054677922
783054677939
783054677946
783054677953
783054677960
783054677977
783054677984
783054677991
783054678004
783054678011
783054678028
783054678035
783054678042
783054678059
783054678066
783054678073
783054678080
783054678097
783054678103
783054678110
783054678127
783054678134
783054678141
783054678158
783054678165
783054678172
783054678189
783054678196
783054678202
783054678219
783054678226
783054678233
783054678240
783054678257
783054678264
783054678271
783054678288
783054678295
783054678301
783054678318
783054678325
783054678332
783054678349
783054678356
783054678363
783054678370
783054678387
783054678394
783054678400
783054678417
783054678424
783054678431
783054678448
783054678455
783054678462
783054678479
783054678486
783054678493
783054678509
783054678516
783054678523
783054678530
783054678547
783054678554
783054678561
783054678578
783054678585
783054678592
783054678608
783054678615
783054678622
783054678639
783054678646
783054678653
783054678660
783054678677
783054678684
783054678691
783054678707
783054678714
783054678721
783054678738
783054678745
783054678752
783054678769
783054678776
783054678783
783054678790
783054678806
783054678813
783054678820
783054678837
783054678844
783054678851
783054678868
783054678875
783054678882
783054678899
783054678905
783054678912
783054678929
783054678936
783054678943
783054678950
783054678967
783054678974
783054678981
783054678998
783054679001
783054679018
783054679025
783054679032
783054679049
783054679056
783054679063
783054679070
783054679087
783054679094
783054679100
783054679117
783054679124
783054679131
783054679148
783054679155
783054679162
783054679179
783054679186
783054679193
783054679209
783054679216
783054679223
783054679230
783054679247
783054679254
783054679261
783054679278
783054679285
783054679292
783054679308
783054679315
783054679322
783054679339
783054679346
783054679353
783054679360
783054679377
783054679384
783054679391
783054679407
783054679414
783054679421
783054679438
783054679445
783054679452
783054679469
783054679476
783054679483
783054679490
783054679506
783054679513
783054679520
783054679537
783054679544
783054679551
783054679568
783054679575
783054679582
783054679599
783054679605
783054679612
783054679629
783054679636
783054679643
783054679650
783054679667
783054679674
783054679681
783054679698
783054679704
783054679711
783054679728
783054679735
783054679742
783054679759
783054679766
783054679773
783054679780
783054679797
783054679803
783054679810
783054679827
783054679834
783054679841
783054679858
783054679865
783054679872
783054679889
783054679896
783054679902
783054679919
783054679926
783054679933
783054679940
783054679957
783054679964
783054679971
783054679988
783054679995
783054680007
783054680014
783054680021
783054680038
783054680045
783054680052
783054680069
783054680076
783054680083
783054680090
783054680106
783054680113
783054680120
783054680137
783054680144
783054680151
783054680168
783054680175
783054680182
783054680199
783054680205
783054680212
783054680229
783054680236
783054680243
783054680250
783054680267
783054680274
783054680281
783054680298
783054680304
783054680311
783054680328
783054680335
783054680342
783054680359
783054680366
783054680373
783054680380
783054680397
783054680403
783054680410
783054680427
783054680434
783054680441
783054680458
783054680465
783054680472
783054680489
783054680496
783054680502
783054680519
783054680526
783054680533
783054680540
783054680557
783054680564
783054680571
783054680588
783054680595
783054680601
783054680618
783054680625
783054680632
783054680649
783054680656
783054680663
783054680670
783054680687
783054680694
783054680700
783054680717
783054680724
783054680731
783054680748
783054680755
783054680762
783054680779
783054680786
783054680793
783054680809
783054680816
783054680823
783054680830
783054680847
783054680854
783054680861
783054680878
783054680885
783054680892
783054680908
783054680915
783054680922
783054680939
783054680946
783054680953
783054680960
783054680977
783054680984
783054680991
783054681004
783054681011
783054681028
783054681035
783054681042
783054681059
783054681066
783054681073
783054681080
783054681097
783054681103
783054681110
783054681127
783054681134
783054681141
783054681158
783054681165
783054681172
783054681189
783054681196
783054681202
783054681219
783054681226
783054681233
783054681240
783054681257
783054681264
783054681271
783054681288
783054681295
783054681301
783054681318
783054681325
783054681332
783054681349
783054681356
783054681363
783054681370
783054681387
783054681394
783054681400
783054681417
783054681424
783054681431
783054681448
783054681455
783054681462
783054681479
783054681486
783054681493
783054681509
783054681516
783054681523
783054681530
783054681547
783054681554
783054681561
783054681578
783054681585
783054681592
783054681608
783054681615
783054681622
783054681639
783054681646
783054681653
783054681660
783054681677
783054681684
783054681691
783054681707
783054681714
783054681721
783054681738
783054681745
783054681752
783054681769
783054681776
783054681783
783054681790
783054681806
783054681813
783054681820
783054681837
783054681844
783054681851
783054681868
783054681875
783054681882
783054681899
783054681905
783054681912
783054681929
783054681936
783054681943
783054681950
783054681967
783054681974
783054681981
783054681998
783054682001
783054682018
783054682025
783054682032
783054682049
783054682056
783054682063
783054682070
783054682087
783054682094
783054682100
783054682117
783054682124
783054682131
783054682148
783054682155
783054682162
783054682179
783054682186
783054682193
783054682209
783054682216
783054682223
783054682230
783054682247
783054682254
783054682261
783054682278
783054682285
783054682292
783054682308
783054682315
783054682322
783054682339
783054682346
783054682353
783054682360
783054682377
783054682384
783054682391
783054682407
783054682414
783054682421
783054682438
783054682445
783054682452
783054682469
783054682476
783054682483
783054682490
783054682506
783054682513
783054682520
783054682537
783054682544
783054682551
783054682568
783054682575
783054682582
783054682599
783054682605
783054682612
783054682629
783054682636
783054682643
783054682650
783054682667
783054682674
783054682681
783054682698
783054682704
783054682711
783054682728
783054682735
783054682742
783054682759
783054682766
783054682773
783054682780
783054682797
783054682803
783054682810
783054682827
783054682834
783054682841
783054682858
783054682865
783054682872
783054682889
783054682896
783054682902
783054682919
783054682926
783054682933
783054682940
783054682957
783054682964
783054682971
783054682988
783054682995
783054683008
783054683015
783054683022
783054683039
783054683046
783054683053
783054683060
783054683077
783054683084
783054683091
783054683107
783054683114
783054683121
783054683138
783054683145
783054683152
783054683169
783054683176
783054683183
783054683190
783054683206
783054683213
783054683220
783054683237
783054683244
783054683251
783054683268
783054683275
783054683282
783054683299
783054683305
783054683312
783054683329
783054683336
783054683343
783054683350
783054683367
783054683374
783054683381
783054683398
783054683404
783054683411
783054683428
783054683435
783054683442
783054683459
783054683466
783054683473
783054683480
783054683497
783054683503
783054683510
783054683527
783054683534
783054683541
783054683558
783054683565
783054683572
783054683589
783054683596
783054683602
783054683619
783054683626
783054683633
783054683640
783054683657
783054683664
783054683671
783054683688
783054683695
783054683701
783054683718
783054683725
783054683732
783054683749
783054683756
783054683763
783054683770
783054683787
783054683794
783054683800
783054683817
783054683824
783054683831
783054683848
783054683855
783054683862
783054683879
783054683886
783054683893
783054683909
783054683916
783054683923
783054683930
783054683947
783054683954
783054683961
783054683978
783054683985
783054683992
783054684005
783054684012
783054684029
783054684036
783054684043
783054684050
783054684067
783054684074
783054684081
783054684098
783054684104
783054684111
783054684128
783054684135
783054684142
783054684159
783054684166
783054684173
783054684180
783054684197
783054684203
783054684210
783054684227
783054684234
783054684241
783054684258
783054684265
783054684272
783054684289
783054684296
783054684302
783054684319
783054684326
783054684333
783054684340
783054684357
783054684364
783054684371
783054684388
783054684395
783054684401
783054684418
783054684425
783054684432
783054684449
783054684456
783054684463
783054684470
783054684487
783054684494
783054684500
783054684517
783054684524
783054684531
783054684548
783054684555
783054684562
783054684579
783054684586
783054684593
783054684609
783054684616
783054684623
783054684630
783054684647
783054684654
783054684661
783054684678
783054684685
783054684692
783054684708
783054684715
783054684722
783054684739
783054684746
783054684753
783054684760
783054684777
783054684784
783054684791
783054684807
783054684814
783054684821
783054684838
783054684845
783054684852
783054684869
783054684876
783054684883
783054684890
783054684906
783054684913
783054684920
783054684937
783054684944
783054684951
783054684968
783054684975
783054684982
783054684999
783054685002
